0000100101010011000100111000000000111110110001111111101110100101101001101100101000100001000101010010001011010100100100010011110010011111011010101111111001011110100110010011010011010001101001000100100110001101010110000110101100010100000100110110001100010101 00001001010000100101111100011000100000100010111101110111111000100111100001011011010100010110110000001100101100011110000100010111101010101001000101011010110001010111011101101100011101011101001000001101100000011001001101010111110000000110010000100110001111100100111000000001
1011101111101000100000010001110000111000110010100010011101101011000000100111110001011110111010110110001111010001011011011111000011000101110011011011110001010110000110101111110000101100001100011010010001110110010000010100100011101010001100111100011001110010 00010111110010011111111010100011101010011101000100110100001101001100000001100001111001011101010011010001010101111110101011010111011110110111111010110010110001111110110000110100010010111010011101011011011100000111110011010111010001111101100100000111110111011110100000000000
00010000011001011010010101001000011001011011010010001101111101001000100001010010 00011011000101101000011010001111010000100000010010011000111110001011010110111011011000110100001010011011011001100001000111011011100011110011010011001100001011010100000001100010001100001111011011101000001100101001111110010011010111110111010111101100110011010011001100000001
1000101111111111000011010110111011001110110000110111101001111001000001001010111011000010011101111110100010110000100111110011110111111000001011010011001010010010110100101100101010110010001101100011011011101101100101110010011110110011110010100100100111111101 00011011000101101000011010001111010000100000010010011000111110001011010110111011011000110100001010011011011001100001000111011011100011110011010011001100001011010100000001100010001100001111011011101000001100101001111110010011010111110111010111101100110011010011001100000001
0011011001110101111100100010100000100001001011100110011000111001101111110011011101111110000101010110011010000101100001000011001001110010010100011111110111110110011101101110000111100011010001000100100101111011110100001000000001100011100000101110001110111101 00000100110100000100011001111010010100010101000111000000010010101011100000000011000000111100111011010111010000001101111001111110111111110111100001001001011111111001010101110101101010110001101111101011101111011110010111001111100110100110110100111100101111101111001000000000
1110100110010111100001101000011110010111100011111001110010001101001011001101110110001000000100001111110010010001110000111011000001110000110011001010000101011101110111010110100100001110011000110111010101100001001111000000101110010110111110101110111110100111 00011011000101101000011010001111010000100000010010011000111110001011010110111011011000110100001010011011011001100001000111011011100011110011010011001100001011010100000001100010001100001111011011101000001100101001111110010011010111110111010111101100110011010011001100000001
11101011 00011011000101101000011010001111010000100000010010011000111110001011010110111011011000110100001010011011011001100001000111011011100011110011010011001100001011010100000001100010001100001111011011101000001100101001111110010011010111110111010111101100110011010011001100000001
1111101110100100001111100101101010100101010101000101000001010111001111001110101000001111010110101001011011011000011111001110110110010000111001100101100111111110010010110110110010010100101001110011111101100011111001011100001111111110000001011100111100110101 00011011000101101000011010001111010000100000010010011000111110001011010110111011011000110100001010011011011001100001000111011011100011110011010011001100001011010100000001100010001100001111011011101000001100101001111110010011010111110111010111101100110011010011001100000001
110110110111010100011011110101100110011100001000101101010111010001011101100110110111011100001000100011010101111101111100011110110001011100011100000010110010100011111110010000000100011101100111101101010100100001110010 00000100110100000100011001111010010100010101000111000000010010101011100000000011000000111100111011010111010000001101111001111110111111110111100001001001011111111001010101110101101010110001101111101011101111011110010111001111100110100110110100111100101111101111001000000000
0010010001010000001111011000111110000000010000001100001100001000101111111001011110111101000111110110001110011100010011110110101010100000000111011101111010101011001101011000100101001111011100100100010011010111011011110011010101110111111000011111101001010101 00001001010000100101111100011000100000100010111101110111111000100111100001011011010100010110110000001100101100011110000100010111101010101001000101011010110001010111011101101100011101011101001000001101100000011001001101010111110000000110010000100110001111100100111000000001
0011011111010110110011010001001111111111100000000001000001011001000000101001100111111011011101001000001001111010010111010000000111001011100111010001101101110000111110011010110100101110010100110110000010011000111101000011010101100110100011001110100001011111 00010111110010011111111010100011101010011101000100110100001101001100000001100001111001011101010011010001010101111110101011010111011110110111111010110010110001111110110000110100010010111010011101011011011100000111110011010111010001111101100100000111110111011110100000000000
0001000000000001100000011000011100111110000101100100000100111001000000100110010100001000000011110110100100010011010111000010011110000001000111011001100010011111101001101111101010011001011110101000101010100001000100111110001010000001101000010111011110110100 00010111110010011111111010100011101010011101000100110100001101001100000001100001111001011101010011010001010101111110101011010111011110110111111010110010110001111110110000110100010010111010011101011011011100000111110011010111010001111101100100000111110111011110100000000000
0110010001110001000101101111100111000000111000010001101001111100000011100011101000101011100001111100011000110100010001000101100111001011000110011100011000011100110110100011011101100011001100101100111000111111101100001111101111100100000000101011111011011101 00011011000101101000011010001111010000100000010010011000111110001011010110111011011000110100001010011011011001100001000111011011100011110011010011001100001011010100000001100010001100001111011011101000001100101001111110010011010111110111010111101100110011010011001100000001
1010001010011100000111101101110101100111100110111101101100110010001011011100101011100111101111010101101001000000111000111001010111010101010100000011011000000110001101000111011000101111011000101011101011000011001101000110001000101100111100111011100011101101 00001001010000100101111100011000100000100010111101110111111000100111100001011011010100010110110000001100101100011110000100010111101010101001000101011010110001010111011101101100011101011101001000001101100000011001001101010111110000000110010000100110001111100100111000000001
00111011101000101000001110110001010111011000110011010000011111000010110011100111001110110101100000001101001101110000000110100011101001001011101111000010001010101100110010101001111000001100101011100011101001101000100110100111 00011011000101101000011010001111010000100000010010011000111110001011010110111011011000110100001010011011011001100001000111011011100011110011010011001100001011010100000001100010001100001111011011101000001100101001111110010011010111110111010111101100110011010011001100000001
0100010111111111110111010010010000010010111011101111110100011101100111110111100100111001001101000011011110100000101100111110101111010101101100100101100001000110011110100110100001011101100010010110101001010000100001010011101001100100100011000000101010101110 00011101100111010011010000110100010001000001010001100101010111101010110001111100001101110101100010110000111001101100001001010101011110011010011110000101100101110101001100010100001000110110110111010001110111010000111111010000011011100110011010111100101000010101010000000001
0101000000110001000000101111000010000001110111010011110001000011111000011111000110011101000011101101101100000100111101010000010010010001110011010001101111110100111000111110110110001011000110100010010000110101101000100100110011111111000010000011101111110110 00011101100111010011010000110100010001000001010001100101010111101010110001111100001101110101100010110000111001101100001001010101011110011010011110000101100101110101001100010100001000110110110111010001110111010000111111010000011011100110011010111100101000010101010000000001
1000001001001111100000000001110101000001001111101011011000011110111111101011111100010111000111111000111000110011100010110011110001011100001011100000000111111001010010100111001111001001100101001100011000010001010011100001000010011111111110100101011001110010 00011101100111010011010000110100010001000001010001100101010111101010110001111100001101110101100010110000111001101100001001010101011110011010011110000101100101110101001100010100001000110110110111010001110111010000111111010000011011100110011010111100101000010101010000000001
0001111101010011110000000101101010111100011010011011111100101011000001101111101011111100011000111111111111001101111000010011101111100011101100100001010110010001101010101111011111101101101110110010001011000100100101010010011011110111011000101010101001111011 00011101100111010011010000110100010001000001010001100101010111101010110001111100001101110101100010110000111001101100001001010101011110011010011110000101100101110101001100010100001000110110110111010001110111010000111111010000011011100110011010111100101000010101010000000001
0011100111100110110011011110000101010011010110001000110111111011111000000110101100001111111111010001011001111111011001000011110101010000110001101011100111001110101010011111110110010111111011110001101011000000110000111100010100000011001001010001011110111110 00011101100111010011010000110100010001000001010001100101010111101010110001111100001101110101100010110000111001101100001001010101011110011010011110000101100101110101001100010100001000110110110111010001110111010000111111010000011011100110011010111100101000010101010000000001
1001011010111001001010110000010110101000101110101111101110111010000010000100011111110110001111011000111010111000010001000010011001111010010001011110110110000010010111011100110010010010001010010011101000110100011000010001111100101010001000010111000111111110 00011101100111010011010000110100010001000001010001100101010111101010110001111100001101110101100010110000111001101100001001010101011110011010011110000101100101110101001100010100001000110110110111010001110111010000111111010000011011100110011010111100101000010101010000000001
0110111100011001100011111110000000100010101011000001100111110010001000011101101101110111011000010010011011010111111100000000100101001101101011100011001100101011011100111101011110001100111010000010111000011001011111001110011010000010100001000010001011111110 00011101100111010011010000110100010001000001010001100101010111101010110001111100001101110101100010110000111001101100001001010101011110011010011110000101100101110101001100010100001000110110110111010001110111010000111111010000011011100110011010111100101000010101010000000001
